10
0.0 63.63174312635781 63.63174312635781 63.63174312635781 72.5654549477127 72.5654549477127 72.5654549477127 72.5654549477127 63.63174312635781 63.63174312635781
63.63174312635781 0.0 63.63174312635781 63.63174312635781 63.63174312635781 63.63174312635781 63.63174312635781 63.63174312635781 63.63174312635781 72.5654549477127
63.63174312635781 63.63174312635781 0.0 63.63174312635781 63.63174312635781 63.63174312635781 63.63174312635781 72.5654549477127 72.5654549477127 63.63174312635781
63.63174312635781 63.63174312635781 63.63174312635781 0.0 63.63174312635781 63.63174312635781 72.5654549477127 63.63174312635781 63.63174312635781 63.63174312635781
72.5654549477127 63.63174312635781 63.63174312635781 63.63174312635781 0.0 63.63174312635781 63.63174312635781 63.63174312635781 72.5654549477127 63.63174312635781
72.5654549477127 63.63174312635781 63.63174312635781 63.63174312635781 63.63174312635781 0.0 72.5654549477127 63.63174312635781 72.5654549477127 63.63174312635781
72.5654549477127 63.63174312635781 63.63174312635781 72.5654549477127 63.63174312635781 72.5654549477127 0.0 72.5654549477127 72.5654549477127 63.63174312635781
72.5654549477127 63.63174312635781 72.5654549477127 63.63174312635781 63.63174312635781 63.63174312635781 72.5654549477127 0.0 63.63174312635781 63.63174312635781
63.63174312635781 63.63174312635781 72.5654549477127 63.63174312635781 72.5654549477127 72.5654549477127 72.5654549477127 63.63174312635781 0.0 72.5654549477127
63.63174312635781 72.5654549477127 63.63174312635781 63.63174312635781 63.63174312635781 63.63174312635781 63.63174312635781 63.63174312635781 72.5654549477127 0.0
