10
0.0 96.98202057627223 96.98202057627223 96.98202057627223 19.089563641141915 96.98202057627223 96.98202057627223 96.98202057627223 19.089563641141915 19.089563641141915
96.98202057627223 0.0 19.089563641141915 96.98202057627223 19.089563641141915 96.98202057627223 19.089563641141915 19.089563641141915 96.98202057627223 96.98202057627223
96.98202057627223 19.089563641141915 0.0 96.98202057627223 96.98202057627223 19.089563641141915 96.98202057627223 19.089563641141915 19.089563641141915 19.089563641141915
96.98202057627223 96.98202057627223 96.98202057627223 0.0 96.98202057627223 96.98202057627223 96.98202057627223 96.98202057627223 19.089563641141915 19.089563641141915
19.089563641141915 19.089563641141915 96.98202057627223 96.98202057627223 0.0 96.98202057627223 19.089563641141915 19.089563641141915 19.089563641141915 19.089563641141915
96.98202057627223 96.98202057627223 19.089563641141915 96.98202057627223 96.98202057627223 0.0 96.98202057627223 96.98202057627223 19.089563641141915 19.089563641141915
96.98202057627223 19.089563641141915 96.98202057627223 96.98202057627223 19.089563641141915 96.98202057627223 0.0 19.089563641141915 19.089563641141915 96.98202057627223
96.98202057627223 19.089563641141915 19.089563641141915 96.98202057627223 19.089563641141915 96.98202057627223 19.089563641141915 0.0 96.98202057627223 19.089563641141915
19.089563641141915 96.98202057627223 19.089563641141915 19.089563641141915 19.089563641141915 19.089563641141915 19.089563641141915 96.98202057627223 0.0 96.98202057627223
19.089563641141915 96.98202057627223 19.089563641141915 19.089563641141915 19.089563641141915 19.089563641141915 96.98202057627223 19.089563641141915 96.98202057627223 0.0
