10
0.0 66.84649590142955 48.93760387340106 81.8258685996683 58.327419135276244 86.28214266140557 71.90760129770227 66.84649590142955 129.02724734629348 129.02724734629348
66.84649590142955 0.0 77.48865847951458 46.15210231211941 88.78079491739005 86.28214266140557 78.55813105892341 27.085359719925272 71.90760129770227 92.13204453048306
48.93760387340106 77.48865847951458 0.0 58.21818793289901 65.93417472780988 42.39331423717674 115.64587038138573 60.298461680424836 38.0225826036811 36.054325431431394
81.8258685996683 46.15210231211941 58.21818793289901 0.0 71.90760129770227 60.83711430219968 59.930625188987136 66.84649590142955 60.183444872633615 75.23589788394142
58.327419135276244 88.78079491739005 65.93417472780988 71.90760129770227 0.0 93.43175093078682 71.90760129770227 75.34702970540148 38.0225826036811 115.64587038138573
86.28214266140557 86.28214266140557 42.39331423717674 60.83711430219968 93.43175093078682 0.0 36.054325431431394 106.35142651923283 60.83711430219968 74.28022503885876
71.90760129770227 78.55813105892341 115.64587038138573 59.930625188987136 71.90760129770227 36.054325431431394 0.0 38.0225826036811 38.5904257820361 42.39331423717674
66.84649590142955 27.085359719925272 60.298461680424836 66.84649590142955 75.34702970540148 106.35142651923283 38.0225826036811 0.0 71.90760129770227 77.48865847951458
129.02724734629348 71.90760129770227 38.0225826036811 60.183444872633615 38.0225826036811 60.83711430219968 38.5904257820361 71.90760129770227 0.0 104.7381393554375
129.02724734629348 92.13204453048306 36.054325431431394 75.23589788394142 115.64587038138573 74.28022503885876 42.39331423717674 77.48865847951458 104.7381393554375 0.0
