10
0.0 92.63991171340176 67.52338553332909 69.24370274719993 49.62173678573522 76.22198247387159 108.41888895230576 58.19793546583223 110.68911312809783 50.78879170942906
92.63991171340176 0.0 58.19793546583223 32.19646075785121 107.73355487090683 95.13486596152676 120.44057443071752 146.92893771110374 79.9739919854284 114.68951498653828
67.52338553332909 58.19793546583223 0.0 61.55944314388537 62.796412889047375 77.7888210358471 92.74009198119448 58.19793546583223 49.62173678573522 61.473397795544614
69.24370274719993 32.19646075785121 61.55944314388537 0.0 129.7639911068013 97.78786699880237 62.796412889047375 58.19793546583223 45.17293879752381 97.78786699880237
49.62173678573522 107.73355487090683 62.796412889047375 129.7639911068013 0.0 58.19793546583223 61.473397795544614 77.7888210358471 97.78786699880237 76.34373354251359
76.22198247387159 95.13486596152676 77.7888210358471 97.78786699880237 58.19793546583223 0.0 69.24370274719993 58.19793546583223 81.78948872250085 61.55944314388537
108.41888895230576 120.44057443071752 92.74009198119448 62.796412889047375 61.473397795544614 69.24370274719993 0.0 75.88137560776173 95.13486596152676 45.17293879752381
58.19793546583223 146.92893771110374 58.19793546583223 58.19793546583223 77.7888210358471 58.19793546583223 75.88137560776173 0.0 80.67017671148389 75.79465798657894
110.68911312809783 79.9739919854284 49.62173678573522 45.17293879752381 97.78786699880237 81.78948872250085 95.13486596152676 80.67017671148389 0.0 55.25181689565899
50.78879170942906 114.68951498653828 61.473397795544614 97.78786699880237 76.34373354251359 61.55944314388537 45.17293879752381 75.79465798657894 55.25181689565899 0.0
