10
0.0 53.198050924560434 53.198050924560434 130.24927923682628 130.24927923682628 130.24927923682628 53.198050924560434 130.24927923682628 53.198050924560434 130.24927923682628
53.198050924560434 0.0 130.24927923682628 53.198050924560434 130.24927923682628 130.24927923682628 130.24927923682628 53.198050924560434 53.198050924560434 130.24927923682628
53.198050924560434 130.24927923682628 0.0 53.198050924560434 53.198050924560434 130.24927923682628 53.198050924560434 130.24927923682628 130.24927923682628 53.198050924560434
130.24927923682628 53.198050924560434 53.198050924560434 0.0 53.198050924560434 130.24927923682628 130.24927923682628 53.198050924560434 53.198050924560434 130.24927923682628
130.24927923682628 130.24927923682628 53.198050924560434 53.198050924560434 0.0 53.198050924560434 53.198050924560434 53.198050924560434 53.198050924560434 130.24927923682628
130.24927923682628 130.24927923682628 130.24927923682628 130.24927923682628 53.198050924560434 0.0 53.198050924560434 53.198050924560434 53.198050924560434 130.24927923682628
53.198050924560434 130.24927923682628 53.198050924560434 130.24927923682628 53.198050924560434 53.198050924560434 0.0 53.198050924560434 130.24927923682628 130.24927923682628
130.24927923682628 53.198050924560434 130.24927923682628 53.198050924560434 53.198050924560434 53.198050924560434 53.198050924560434 0.0 130.24927923682628 130.24927923682628
53.198050924560434 53.198050924560434 130.24927923682628 53.198050924560434 53.198050924560434 53.198050924560434 130.24927923682628 130.24927923682628 0.0 53.198050924560434
130.24927923682628 130.24927923682628 53.198050924560434 130.24927923682628 130.24927923682628 130.24927923682628 130.24927923682628 130.24927923682628 53.198050924560434 0.0
